stats needed in comparison

V_BASE
[[0.9510869565217391, 0.9381202568593111, 0.9127789046653144],
 [0.9493670886075949, 0.9709969788519638, 0.8181818181818182],
 [0.9502262443438914, 0.9542755344418052, 0.862895493767977]]

V_PRE++
[[0.8848920863309353, 0.896133871898442, 0.8443496801705757],
 [0.8896925858951176, 0.938368580060423, 0.72],
 [0.8872858431018936, 0.9167650531286895, 0.7772325809617272]]
0.862
V_PRE++&REDUC
2000:
[[0.8660714285714286, 0.8924418604651163, 0.8221757322175732],
 [0.8770343580470162, 0.9274924471299094, 0.7145454545454546],
 [0.87151841868823, 0.9096296296296297, 0.7645914396887159]]

V_REDUC
2000:
[[0.9511754068716094, 0.9332943241661791, 0.8951612903225806],
 [0.9511754068716094, 0.9637462235649547, 0.8072727272727273],
 [0.9511754068716094, 0.9482758620689655, 0.8489483747609943]]
0.917
1000:
[[0.944043321299639, 0.9286135693215339, 0.8664047151277013],
 [0.945750452079566, 0.9510574018126888, 0.8018181818181818],
 [0.9448961156278229, 0.9397014925373134, 0.8328611898016998]]
0.906
3000:
[[0.9547101449275363, 0.9338794616734932, 0.89738430583501],
 [0.9529837251356239, 0.9643504531722055, 0.8109090909090909],
 [0.9538461538461539, 0.9488703923900119, 0.8519579751671442]]
0.919

V_PAR
C=500
[[0.9529837251356239, 0.9381563593932322, 0.9164969450101833],
 [0.9529837251356239, 0.9716012084592145, 0.8181818181818182],
 [0.9529837251356239, 0.9545859305431879, 0.8645533141210374]]
C=500, ovo no difference. anyway.
[[0.9529837251356239, 0.9381563593932322, 0.9164969450101833],
 [0.9529837251356239, 0.9716012084592145, 0.8181818181818182],
 [0.9529837251356239, 0.9545859305431879, 0.8645533141210374]]
C=500, ovo, gam0.0025
[[0.9325044404973357, 0.9466106778644271, 0.8806818181818182],
 [0.9493670886075949, 0.9534743202416919, 0.8454545454545455],
 [0.9408602150537635, 0.9500301023479831, 0.862708719851577]]
C=50, ovo, gam0.0025
[[0.941696113074205, 0.940623162845385, 0.9185336048879837],
 [0.9638336347197106, 0.9667673716012085, 0.82],
 [0.9526362823949955, 0.9535160905840286, 0.866474543707973]]
C=50, ovo, gam0.0025, tol 1e-4
[[0.941696113074205, 0.940623162845385, 0.9185336048879837],
 [0.9638336347197106, 0.9667673716012085, 0.82],
 [0.9526362823949955, 0.9535160905840286, 0.866474543707973]]
C=25, ovo, gam0.0025, tol 1e-4 bad
[[0.946524064171123, 0.9327536231884058, 0.9258474576271186],
 [0.9602169981916817, 0.9722054380664653, 0.7945454545454546],
 [0.9533213644524237, 0.9520710059171598, 0.8551859099804305]]
C=50, ovo, gam0.25, tol 1e-4 too bad
[[0.8926829268292683, 0.6497823506133755, 0.8846153846153846],
 [0.3309222423146474, 0.9921450151057402, 0.04181818181818182],
 [0.48284960422163586, 0.7852702056432329, 0.0798611111111111]]
C=50, ovo, gam0.0025, tol 1e-2
[[0.941696113074205, 0.940623162845385, 0.9185336048879837],
 [0.9638336347197106, 0.9667673716012085, 0.82],
 [0.9526362823949955, 0.9535160905840286, 0.866474543707973]]
 
 ave_check_haha(V_P_C50_gam)
 0.9248978670906101
 
 ave_check_haha(V_BASE)
 0.9231032529157129
 
c50 gam=0.0025 temp

V_REDUC3000&PAR
best_p_above:
[[0.9383802816901409, 0.9419014084507042, 0.9279835390946503],
 [0.9638336347197106, 0.9697885196374623, 0.82],
 [0.9509366636931311, 0.9556415599880917, 0.8706563706563707]]

 ave_check_haha(V_RED_P_C50_gam)
 0.9265691086589181

 better gam?
 0.001 
[[0.946524064171123, 0.9252443933294997, 0.9235807860262009],
 [0.9602169981916817, 0.9722054380664653, 0.769090909090909],
 [0.9533213644524237, 0.9481437831467295, 0.8392857142857143]]
 0.004
[[0.9450354609929078, 0.9406928948913682, 0.924643584521385],
 [0.9638336347197106, 0.9679758308157099, 0.8254545454545454],
 [0.954341987466428, 0.9541393686718285, 0.8722382324687801]]
 0.007
[[0.9515260323159784, 0.9461856889414547, 0.9117647058823529],
 [0.9584086799276673, 0.9667673716012085, 0.8454545454545455],
 [0.954954954954955, 0.9563658099222953, 0.8773584905660378]]
 0.01
[[0.9600725952813067, 0.94, 0.9013806706114399],
 [0.9566003616636528, 0.965558912386707, 0.8309090909090909],
 [0.9583333333333334, 0.952608047690015, 0.8647114474929044]]
 
ave_check_haha(V_T_001)
0.9152903834178608

ave_check_haha(V_T_004)
0.9275950600002959

ave_check_haha(V_T_007)
0.929865142174055

ave_check_haha(V_T_01)
0.9255749399298279

find better gam -- 0.007
best:
SVC(C=50, gamma=0.007, random_state=2020314)


